Webots Project File version R2025a
perspectives: 000000ff00000000fd00000001000000010000016f00000394fc0200000002fb0000001a0043006f006e0073006f006c00650041006c006c0041006c006c010000001d000000e00000003e00fffffffb0000001400540065007800740045006400690074006f007201000000ff000002b20000009100ffffff0000060f0000039400000001000000020000000100000008fc00000000
simulationViewPerspectives: 000000ff000000010000000200000198000004750100000002010000000100
sceneTreePerspectives: 000000ff0000000100000003000000260000022f000000fa0100000002010000000200
minimizedPerspectives: 000000ff00000000fd00000001000000010000016f00000394fc0200000002fb0000001a0043006f006e0073006f006c00650041006c006c0041006c006c010000001d000000c10000003e00fffffffb0000001400540065007800740045006400690074006f007201000000e0000002d10000009100ffffff0000060f0000039400000001000000020000000100000008fc00000000
maximizedDockId: -1
centralWidgetVisible: 1
orthographicViewHeight: 1
textFiles: 0 "controllers/OA/OA.cpp"
consoles: Console:All:All
renderingDevicePerspectives: robot:CAM;1;0.71875;0;0
renderingDevicePerspectives: robot:display;1;0.839844;0;0
